0: [1, 20, 31, 53, 10]
1: [23, 86, 42, 43, 85]
2: [82, 17, 36, 10, 67]
3: [98, 83, 87, 84, 56]
4: [83, 26, 62, 63]
5: [71, 26, 16, 74]
6: [71, 39, 26, 0, 60, 54, 18, 88, 3]
7: [23, 16, 5, 24, 90, 56, 86, 98, 31, 14]
8: [64, 73, 25, 24, 97, 76, 57, 43, 40]
9: [93, 19, 56, 7, 12, 26, 10, 36]
10: [52]
11: [95, 53, 40, 98, 29, 82]
12: [42, 16, 29, 54, 32, 91, 82, 7]
13: [6, 63, 32, 71, 39, 85, 48]
14: [97, 31, 75, 90, 24, 28]
15: [78, 93, 28, 74, 70, 7, 49]
16: [9]
17: [10, 65, 67, 70, 93, 66]
18: [97, 12, 29, 44, 57, 28, 68, 24, 27]
19: [31, 82, 69, 65, 37, 77, 20, 11, 3]
20: [83, 76, 60, 90, 19, 84, 80]
21: [72, 84, 6, 58, 80, 7, 57, 83]
22: [83, 74, 17, 25, 11]
23: [95, 56]
24: [23, 81]
25: [34, 65, 22, 38, 40, 71, 72, 98, 6]
26: [78, 59, 9, 85, 98, 66]
27: [62, 98, 97, 61, 57, 90]
28: [46, 0]
29: [97, 70, 44, 75, 52, 98, 39]
30: [44, 94, 28, 89]
31: [9, 23]
32: [3, 17, 89, 96, 87, 34, 46, 38]
33: [75]
34: [61, 33, 79, 68, 39, 98, 41]
35: [64]
36: [45, 51, 58]
37: [87, 36, 20]
38: [50, 24, 15, 77, 98, 22, 17, 37, 61]
39: [2, 35, 27, 42, 68, 50, 32, 1, 64]
40: [99, 79, 75]
41: [16, 10, 51, 99, 25]
42: [24, 81, 38, 84, 35, 80, 68, 96]
43: [18, 60, 45, 61, 82, 40]
44: [57, 55, 47, 8, 95, 9, 31]
45: [19, 77, 3, 4, 63, 84, 70, 40]
46: [59, 91, 71]
47: [71, 17, 8, 63, 15, 59, 29]
48: [65, 33, 71, 54, 76, 44]
49: [55, 39, 42, 7, 53, 3, 21, 33]
50: [88, 87]
51: [7, 76]
52: [67, 80, 39, 4, 95, 79, 83, 85, 65, 10]
53: [32, 55, 10]
54: [12, 40, 30, 83, 56]
55: [32, 50]
56: [9, 84, 37, 19, 14]
57: [2, 8, 92, 23, 69, 54]
58: [33, 41, 78, 65, 34]
59: [94, 86, 0, 65, 4, 25, 38, 95, 35, 18]
60: [33, 7, 37, 9, 27, 21, 69]
61: [78]
62: [88, 55, 32, 48, 53, 92, 47, 9, 26, 84]
63: [64, 57, 97]
64: [22, 20, 14, 6, 47, 52]
65: [86, 89, 57, 14, 99, 40, 76, 26, 81, 42]
66: [95]
67: [27, 31, 34, 19, 60]
68: [86, 53, 30, 85, 21, 2, 3, 37, 52, 58]
69: [89, 12, 96]
70: [26, 13, 76, 47, 4, 84]
71: [87, 69, 95, 9, 54, 4, 83, 36, 46]
72: [28, 52, 31, 80, 85]
73: [1, 20, 45, 80, 76, 96, 4, 88, 56]
74: [27]
75: [29, 1, 2, 38, 53, 96]
76: [90]
77: [81, 36]
78: [55]
79: [49]
80: [98, 44, 67, 10, 92]
81: [21, 15, 35]
82: [23, 29, 45, 18, 48, 50, 61]
83: [89]
84: [46]
85: [45, 18, 95]
86: [79, 55, 27, 43, 88, 32, 74, 82]
87: [56, 72, 90, 54, 64, 75, 38, 89, 63]
88: [17, 36, 33, 27, 77, 10]
89: [16, 32, 34, 70, 39, 11, 98, 76, 96, 53]
90: [36, 98, 26]
91: [8, 30, 93, 2, 29, 45, 16]
92: [9, 12, 78, 15, 38, 79, 60]
93: [58, 76, 72, 20, 21, 24]
94: [41]
95: [15, 65, 37, 60, 43, 62]
96: [47, 91]
97: [60, 4, 91, 7, 26, 69, 81, 0]
98: [92, 42, 80, 27, 36, 16, 38, 2, 66]
99: [64]
